4 0.97265625 0.44765625 0.0390625 0.0625
4 0.87734375 0.5390625 0.04375 0.0734375
4 0.740625 0.62265625 0.0515625 0.0953125
4 0.54765625 0.58046875 0.0484375 0.0890625
4 0.328125 0.5828125 0.0390625 0.08125
4 0.1453125 0.56796875 0.0453125 0.084375
4 0.06015625 0.41328125 0.0328125 0.059375
4 0.01171875 0.459375 0.0234375 0.065625
4 0.44921875 0.4484375 0.0328125 0.05625
4 0.81953125 0.3890625 0.0328125 0.0484375
4 0.63984375 0.51640625 0.040625 0.0734375
4 0.578125 0.33203125 0.0265625 0.0453125
4 0.503125 0.3875 0.0296875 0.05
4 0.47109375 0.33671875 0.025 0.040625
4 0.52109375 0.33046875 0.0265625 0.0453125
4 0.8484375 0.35625 0.0296875 0.04375
4 0.42890625 0.39921875 0.0359375 0.059375
4 0.27890625 0.38515625 0.0296875 0.05
4 0.190625 0.3609375 0.0296875 0.0453125
4 0.2640625 0.5015625 0.0375 0.06875
4 0.33984375 0.31875 0.0234375 0.040625
4 0.36875 0.54140625 0.0390625 0.08125
4 0.234375 0.40078125 0.0265625 0.0515625
4 0.60703125 0.37265625 0.0265625 0.05
4 0.71640625 0.47265625 0.0328125 0.0625
4 0.6671875 0.34140625 0.0296875 0.0484375