5 0.1078125 0.2546875 0.04296875 0.04375
5 0.3078125 0.271875 0.03671875 0.03828125
5 0.3796875 0.45234375 0.0421875 0.04609375
5 0.64921875 0.41875 0.0453125 0.04375
5 0.496875 0.5 0.04140625 0.04140625
5 0.69375 0.52734375 0.03671875 0.0453125
5 0.17578125 0.5375 0.0328125 0.040625
5 0.26640625 0.4359375 0.03984375 0.04453125
5 0.23359375 0.4078125 0.03125 0.040625
5 0.115625 0.55078125 0.03359375 0.03828125
5 0.02109375 0.54765625 0.03671875 0.040625
5 0.42265625 0.51328125 0.04140625 0.03984375
5 0.19921875 0.47734375 0.03359375 0.03515625