4 0.02578125 0.4640625 0.02421875 0.0578125
4 0.12421875 0.55234375 0.028125 0.06796875
4 0.2640625 0.63125 0.0359375 0.08984375
4 0.45546875 0.58203125 0.0328125 0.084375
4 0.675 0.5765625 0.0234375 0.078125
4 0.85703125 0.55546875 0.0296875 0.0796875
4 0.93671875 0.39765625 0.01953125 0.05703125
4 0.990625 0.4421875 0.01875 0.06171875
4 0.54921875 0.446875 0.01875 0.05390625
4 0.1765625 0.4 0.01875 0.0453125
4 0.3609375 0.52109375 0.02578125 0.06796875
4 0.41640625 0.33515625 0.01328125 0.0421875
4 0.49296875 0.3875 0.01484375 0.04765625
4 0.5234375 0.3359375 0.0109375 0.03828125
4 0.47265625 0.33125 0.01328125 0.0421875
4 0.146875 0.36875 0.015625 0.03984375
4 0.5671875 0.396875 0.02109375 0.05703125
4 0.7171875 0.37734375 0.015625 0.04609375
4 0.8046875 0.35 0.01484375 0.0421875
4 0.7359375 0.49296875 0.0234375 0.06640625
4 0.65390625 0.31328125 0.01015625 0.03828125
4 0.6328125 0.53671875 0.0234375 0.07734375
4 0.76171875 0.39140625 0.0125 0.0484375
4 0.38828125 0.3765625 0.01171875 0.04765625
4 0.2828125 0.48046875 0.01953125 0.06015625
4 0.32734375 0.34765625 0.01484375 0.0453125