4 0.96796875 0.56328125 0.0640625 0.0546875
4 0.85703125 0.6296875 0.075 0.065625
4 0.703125 0.67734375 0.0875 0.0890625
4 0.5265625 0.58984375 0.0828125 0.08125
4 0.31328125 0.53828125 0.071875 0.0734375
4 0.1390625 0.4796875 0.078125 0.0765625
4 0.09375 0.309375 0.0625 0.0515625
4 0.03203125 0.34140625 0.0640625 0.0578125
4 0.46328125 0.4375 0.0625 0.0484375
4 0.8375 0.46953125 0.0609375 0.040625
4 0.63125 0.54921875 0.071875 0.0640625
4 0.61640625 0.35625 0.053125 0.0359375
4 0.53046875 0.39140625 0.0578125 0.040625
4 0.5109375 0.334375 0.0515625 0.03125
4 0.56171875 0.340625 0.053125 0.0359375
4 0.87265625 0.4453125 0.05625 0.0359375
4 0.45546875 0.38515625 0.065625 0.0515625
4 0.31328125 0.33515625 0.0578125 0.040625
4 0.2328125 0.28984375 0.05625 0.0359375
4 0.2703125 0.44375 0.06875 0.0609375
4 0.38828125 0.28515625 0.05 0.03125
4 0.3625 0.50859375 0.071875 0.0734375
4 0.26640625 0.3390625 0.0546875 0.0421875
4 0.63515625 0.40234375 0.0546875 0.040625
4 0.71640625 0.52578125 0.0640625 0.0546875
4 0.70078125 0.38671875 0.0578125 0.0390625