4 0.04140625 0.37421875 0.059375 0.0546875
4 0.12109375 0.4796875 0.0640625 0.0671875
4 0.24296875 0.58359375 0.0765625 0.0890625
4 0.440625 0.571875 0.071875 0.0828125
4 0.65703125 0.60859375 0.0609375 0.075
4 0.83984375 0.62265625 0.0671875 0.078125
4 0.9484375 0.4828125 0.053125 0.053125
4 0.9828125 0.5359375 0.034375 0.059375
4 0.55859375 0.45703125 0.0515625 0.05
4 0.2015625 0.33984375 0.05 0.0421875
4 0.359375 0.49453125 0.0609375 0.065625
4 0.44921875 0.321875 0.04375 0.0375
4 0.51484375 0.38828125 0.0484375 0.0421875
4 0.5546875 0.34375 0.040625 0.0328125
4 0.50546875 0.32890625 0.04375 0.0375
4 0.178125 0.30390625 0.046875 0.0359375
4 0.5859375 0.41171875 0.05625 0.053125
4 0.73671875 0.42109375 0.0484375 0.0421875
4 0.82734375 0.4109375 0.046875 0.0375
4 0.7328125 0.53828125 0.059375 0.0625
4 0.68671875 0.34609375 0.0390625 0.0328125
4 0.6234375 0.56171875 0.0609375 0.075
4 0.77734375 0.44296875 0.0453125 0.04375
4 0.4140625 0.3578125 0.0453125 0.0421875
4 0.290625 0.4390625 0.053125 0.05625
4 0.359375 0.3171875 0.046875 0.040625