4 0.02890625 0.54609375 0.0578125 0.0703125
4 0.1390625 0.6171875 0.06875 0.08125
4 0.290625 0.6703125 0.08125 0.1046875
4 0.4703125 0.58828125 0.0765625 0.0984375
4 0.6859375 0.5453125 0.065625 0.090625
4 0.8609375 0.49296875 0.0734375 0.09375
4 0.9125 0.3234375 0.0578125 0.06875
4 0.971875 0.35703125 0.05625 0.0734375
4 0.5390625 0.4390625 0.0578125 0.065625
4 0.1640625 0.4578125 0.05625 0.0578125
4 0.36640625 0.54453125 0.065625 0.08125
4 0.3890625 0.35234375 0.05 0.053125
4 0.4734375 0.390625 0.053125 0.0578125
4 0.49453125 0.334375 0.046875 0.0484375
4 0.44375 0.33828125 0.05 0.053125
4 0.1296875 0.43203125 0.0515625 0.0515625
4 0.5484375 0.38671875 0.0609375 0.06875
4 0.69296875 0.34140625 0.053125 0.0578125
4 0.77421875 0.29921875 0.053125 0.053125
4 0.73125 0.45234375 0.0640625 0.078125
4 0.61953125 0.2890625 0.0453125 0.0484375
4 0.6375 0.51328125 0.065625 0.090625
4 0.7390625 0.34765625 0.05 0.059375
4 0.36875 0.39765625 0.05 0.0578125
4 0.2828125 0.51875 0.0578125 0.071875
4 0.303125 0.3796875 0.053125 0.05625